5045
4350
4350
3975
4290
4430
4485
4285
3980
3925
3645
3760
3300
3685
3463
5200
5100
4635
5100
5450
4635
4720
4810
4565
4410
4065
4565
5190
4725
4640
4640
4895
4790
4845
4700
4600
4110
4410
4180
4790
4790
4340
4895
5750
4740
5000
4895
4255
4170
3850
4445
4650
4170
4255
4170
4375
4175
4450
4450
2855
2920
4375
4375
4355
4090
5000
4335
5000
4640
4335
5000
4615
4215
4275
4275
5000
4615
4735
4215
4700
4700
4700
4700
4095
4095
3940
3700
3650
4445
4000
4845
5000
4560
4700
4310
4310
5000
4575
4700
4430
4850
4850
4570
4570
4855
4160
4325
4125
4100
4340
4575
3875
4050
4050
4685
4685
4430
4300
4690
4560
3075
2965
4080
4080
4425
4300
4430
4840
4840
4310
4185
4570
4700
4440
4850
4125
4450
4450
4850
4450
3635
3635
3635
3900
4340
4340
3665
3775
5000
4850
4775
4500
4770
4500
4770
5150
4850
4700
5000
5000
5000
4700
4500
4840
5075
5000
4770
4570
4925
4775
5075
4925
5075
4925
5250
4915
5600
5075
4450
4215
4325
4665
4615
4615
4500
4765
4500
4500
4850
4930
4700
4890
4625
4425
4135
4190
4080
3690
5050
4625
5150
5250
5000
5000